# unix_time, cycles_done, cur_path, paths_total, pending_total, pending_favs, map_size, unique_crashes, unique_hangs, max_depth, execs_per_sec
1521091758, 0, 0, 1, 1, 1, 0.07%, 0, 0, 1, 615.38
1521091763, 0, 0, 12, 12, 1, 0.10%, 8, 0, 2, 2673.95
1521091773, 0, 0, 24, 24, 1, 0.10%, 10, 0, 2, 3222.29
1521091783, 0, 5, 24, 23, 6, 0.10%, 10, 0, 2, 3109.54
1521091794, 0, 8, 24, 22, 5, 0.10%, 10, 0, 2, 2670.05
1521091804, 0, 15, 24, 21, 3, 0.10%, 10, 0, 2, 3113.90
1521091809, 0, 21, 24, 20, 2, 0.10%, 10, 0, 2, 3267.09
1521091814, 0, 23, 24, 19, 1, 0.10%, 10, 0, 2, 3211.95
1521091824, 1, 7, 24, 18, 0, 0.10%, 10, 0, 2, 2970.79
1521091839, 1, 10, 24, 17, 0, 0.10%, 10, 0, 2, 1629.67
1521091855, 2, 2, 24, 16, 0, 0.10%, 10, 0, 2, 3069.54
1521091865, 2, 24, 25, 16, 1, 0.10%, 10, 0, 3, 3099.65
1521091875, 2, 25, 26, 16, 1, 0.11%, 10, 0, 4, 3181.70
1521091890, 2, 26, 27, 16, 0, 0.11%, 10, 0, 5, 3229.26
1521091895, 2, 26, 28, 17, 0, 0.11%, 10, 0, 6, 3121.14
1521091905, 3, 4, 28, 16, 0, 0.11%, 10, 0, 6, 3149.71
1521091910, 3, 6, 28, 15, 0, 0.11%, 10, 0, 6, 3178.99
1521091925, 3, 9, 28, 14, 0, 0.11%, 10, 0, 6, 3121.82
1521091936, 3, 17, 28, 13, 0, 0.11%, 10, 0, 6, 3084.37
1521091946, 3, 19, 28, 12, 0, 0.11%, 10, 0, 6, 2970.67
1521091951, 3, 25, 29, 12, 0, 0.11%, 10, 0, 6, 3079.11
1521091956, 4, 3, 29, 12, 0, 0.11%, 10, 0, 6, 2667.64
