# unix_time, cycles_done, cur_path, paths_total, pending_total, pending_favs, map_size, unique_crashes, unique_hangs, max_depth, execs_per_sec
1520806928, 0, 0, 1, 1, 1, 0.10%, 0, 0, 1, 1.65
1520807158, 0, 0, 2, 2, 1, 0.11%, 0, 0, 2, 1.66
1520807261, 0, 0, 3, 3, 1, 0.11%, 0, 0, 2, 1.58
1520807294, 0, 0, 3, 3, 1, 0.11%, 0, 1, 2, 1.41
1520807305, 0, 0, 4, 4, 1, 0.11%, 0, 1, 2, 21.04
1520807400, 0, 0, 5, 5, 1, 0.11%, 0, 1, 2, 1.55
1520807463, 0, 0, 6, 6, 1, 0.11%, 0, 1, 2, 1.64
1520807554, 0, 0, 7, 7, 1, 0.11%, 0, 1, 2, 1.61
1520807559, 0, 0, 8, 8, 1, 0.11%, 0, 1, 2, 1.56
